DECISION TREE
accuracy:  71.0 %
precision:  0.660194
recall:  0.747253
F1 score:  0.701031

NAIVE BAYES
accuracy:  73.0 %
precision:  0.883495
recall:  0.684211
F1 score:  0.771186

LOGISTIC REGRESSION
accuracy:  71.0 %
precision:  0.640777
recall:  0.758621
F1 score:  0.694737